
ans = 

  <a href="matlab:helpPopup struct" style="font-weight:bold">struct</a> with fields:

      bars: [1×3 Bar]
    legend: []
    errors: [1×3 ErrorBar]
        ax: [1×1 Axes]


Reward =

   23.5284  -27.0332  -39.2485
   -3.7630    6.5329  -11.7847
   -9.9897    7.7978    0.2313
   50.9543   -3.9667   19.8551
  -14.3191   14.9735    8.9548
    8.2799   -9.7124    1.5401
    5.6756   -3.8434   -9.2251
    2.1028  -15.5763    2.4282
    7.6633    2.9602    4.2717
    0.7055   13.0445   -6.9937
    6.4731  -16.7192  -19.9682
    4.3804   -4.1341  -20.0537
   31.3298   21.9723   16.9703
   -2.2898   -7.1597  -17.4693
   -7.5705   -6.2922   -1.8369
   11.1386   27.1389   -8.9175
   14.3263    1.6162  -19.8117
  -13.4754  -12.7855  -22.6953
  -17.7341  -15.8416   -2.8915
  -27.2874  -21.7850   -5.2025
   -4.9737    4.4758    8.7100
  -17.9567   -0.6508  -14.3836
    2.5697  -16.7802   -6.9178
   -6.7614   -3.1363    0.1421
   53.7471  -15.1241    4.8390
   -1.0185    0.7885   -1.0207
   -9.0790    6.6878  -12.4056
   13.4328  -12.3420    4.9970
    0.4438  -15.1540    5.4242
   16.9487  -44.1242  -36.0991
  -24.9103   -4.3514  -15.3194
   -0.0468   22.4019  -15.3858
    3.7869    0.6101  -23.1841
    5.0786   -9.1451   14.5167
  -11.9425  -47.1881   -9.7205
   18.5391   28.7405   14.6617
  -11.2052   34.7278   19.5300
    3.7117   -4.6683   12.3427
   -7.1881   -7.5730   -1.7879
  -10.4572   -9.4834  -28.9899
   -1.7237   -6.9162  -14.2047
    3.6964   26.4289   -0.2020
   -5.1754  -21.5999  -16.1691
   20.8355  -10.3324  -44.7027
   -5.0416    0.5770  -19.4574


Punishment =

   -2.7287  -50.7034  -26.1197
    6.1219    1.3955   -0.8055
   -4.1485   16.7731   -0.1005
   -3.6034  -19.1325   15.9798
   -6.9919   46.5519   32.2291
    0.2152    1.6620   -2.1835
    4.8664  -14.2582   22.9021
   -5.0438    9.1451    1.7760
    1.8189   18.4411   10.2643
    0.1446   -3.6515   -6.5730
  -41.7564   -3.8975  -26.4265
   10.2415   -0.4812  -18.1853
   17.6278    2.0835   28.3658
   -0.9663    3.4747    3.8906
   -2.9428   10.2777    7.1088
   -5.2448    0.5180   -3.6266
   17.7892    6.9291  -13.4968
  -14.3285  -27.2879  -14.6006
   22.0982   -8.0584   -9.2649
   -2.9069  -11.2638   -7.1850
    1.9457   27.5689   33.8754
  -21.3149  -13.1092   -0.9498
    8.1283   14.0251    3.8299
   -1.0671   -8.2577  -13.1146
   -3.1659   13.6257   15.9294
    9.7843   20.2327   -1.1167
   29.2628  -12.7851   -6.2495
    0.3112    1.9627   -7.1752
    9.3204  -17.9230   -7.1262
   -3.5243  -29.5552  -22.9854
  -50.4866  -48.0387  -62.2298
    7.0138    1.2801  -40.3379
   -6.4626    3.3294    5.9519
    3.1908   -5.9633    2.6708
  -22.0798  -49.9415  -29.1456
    6.1241    2.7917   40.8021
    6.6477   17.4742   -4.6269
   27.8865  -16.0195    8.9606
  -23.2862   -8.9389  -16.5266
  -20.1408   -7.5853    3.0138
   -9.2444  -25.6446   -7.6825
   27.7118    8.5116   -4.7633
   -8.7310  -15.0788  -20.4731
   -9.5062  -46.7773  -57.7401
   -0.2005  -11.1522  -25.2265


sample =

    45

act_C14_rew_F-S_z2_sub R_F, R_S, and R_C difference?

matrix =

   23.5284  -27.0332  -39.2485
   -3.7630    6.5329  -11.7847
   -9.9897    7.7978    0.2313
   50.9543   -3.9667   19.8551
  -14.3191   14.9735    8.9548
    8.2799   -9.7124    1.5401
    5.6756   -3.8434   -9.2251
    2.1028  -15.5763    2.4282
    7.6633    2.9602    4.2717
    0.7055   13.0445   -6.9937
    6.4731  -16.7192  -19.9682
    4.3804   -4.1341  -20.0537
   31.3298   21.9723   16.9703
   -2.2898   -7.1597  -17.4693
   -7.5705   -6.2922   -1.8369
   11.1386   27.1389   -8.9175
   14.3263    1.6162  -19.8117
  -13.4754  -12.7855  -22.6953
  -17.7341  -15.8416   -2.8915
  -27.2874  -21.7850   -5.2025
   -4.9737    4.4758    8.7100
  -17.9567   -0.6508  -14.3836
    2.5697  -16.7802   -6.9178
   -6.7614   -3.1363    0.1421
   53.7471  -15.1241    4.8390
   -1.0185    0.7885   -1.0207
   -9.0790    6.6878  -12.4056
   13.4328  -12.3420    4.9970
    0.4438  -15.1540    5.4242
   16.9487  -44.1242  -36.0991
  -24.9103   -4.3514  -15.3194
   -0.0468   22.4019  -15.3858
    3.7869    0.6101  -23.1841
    5.0786   -9.1451   14.5167
  -11.9425  -47.1881   -9.7205
   18.5391   28.7405   14.6617
  -11.2052   34.7278   19.5300
    3.7117   -4.6683   12.3427
   -7.1881   -7.5730   -1.7879
  -10.4572   -9.4834  -28.9899
   -1.7237   -6.9162  -14.2047
    3.6964   26.4289   -0.2020
   -5.1754  -21.5999  -16.1691
   20.8355  -10.3324  -44.7027
   -5.0416    0.5770  -19.4574
   -2.7287  -50.7034  -26.1197
    6.1219    1.3955   -0.8055
   -4.1485   16.7731   -0.1005
   -3.6034  -19.1325   15.9798
   -6.9919   46.5519   32.2291
    0.2152    1.6620   -2.1835
    4.8664  -14.2582   22.9021
   -5.0438    9.1451    1.7760
    1.8189   18.4411   10.2643
    0.1446   -3.6515   -6.5730
  -41.7564   -3.8975  -26.4265
   10.2415   -0.4812  -18.1853
   17.6278    2.0835   28.3658
   -0.9663    3.4747    3.8906
   -2.9428   10.2777    7.1088
   -5.2448    0.5180   -3.6266
   17.7892    6.9291  -13.4968
  -14.3285  -27.2879  -14.6006
   22.0982   -8.0584   -9.2649
   -2.9069  -11.2638   -7.1850
    1.9457   27.5689   33.8754
  -21.3149  -13.1092   -0.9498
    8.1283   14.0251    3.8299
   -1.0671   -8.2577  -13.1146
   -3.1659   13.6257   15.9294
    9.7843   20.2327   -1.1167
   29.2628  -12.7851   -6.2495
    0.3112    1.9627   -7.1752
    9.3204  -17.9230   -7.1262
   -3.5243  -29.5552  -22.9854
  -50.4866  -48.0387  -62.2298
    7.0138    1.2801  -40.3379
   -6.4626    3.3294    5.9519
    3.1908   -5.9633    2.6708
  -22.0798  -49.9415  -29.1456
    6.1241    2.7917   40.8021
    6.6477   17.4742   -4.6269
   27.8865  -16.0195    8.9606
  -23.2862   -8.9389  -16.5266
  -20.1408   -7.5853    3.0138
   -9.2444  -25.6446   -7.6825
   27.7118    8.5116   -4.7633
   -8.7310  -15.0788  -20.4731
   -9.5062  -46.7773  -57.7401
   -0.2005  -11.1522  -25.2265


stats = 

  <a href="matlab:helpPopup struct" style="font-weight:bold">struct</a> with fields:

      source: 'anova2'
     sigmasq: 314.7477
    colmeans: [0.4869 -4.2155 -5.8347]
        coln: 90
    rowmeans: [-2.6899 -3.6856]
        rown: 135
       inter: 1
        pval: 0.5992
          df: 264


p =

    0.0348


tb1 =

  4×6 <a href="matlab:helpPopup cell" style="font-weight:bold">cell</a> array

    {'Source' }    {'SS'        }    {'df' }    {'MS'      }    {'F'       }    {'Prob>F'  }
    {'Columns'}    {[1.8281e+03]}    {[  2]}    {[914.0391]}    {[  3.4461]}    {[  0.0348]}
    {'Error'  }    {[3.5012e+04]}    {[132]}    {[265.2403]}    {0×0 double}    {0×0 double}
    {'Total'  }    {[3.6840e+04]}    {[134]}    {0×0 double}    {0×0 double}    {0×0 double}


stats = 

  <a href="matlab:helpPopup struct" style="font-weight:bold">struct</a> with fields:

    gnames: [3×1 char]
         n: [45 45 45]
    source: 'anova1'
     means: [2.1209 -3.3765 -6.8141]
        df: 132
         s: 16.2862

