
ans = 

  <a href="matlab:helpPopup struct" style="font-weight:bold">struct</a> with fields:

      bars: [1×3 Bar]
    legend: []
    errors: [1×3 ErrorBar]
        ax: [1×1 Axes]


Reward =

   12.3051  -12.4443   -3.7923
   41.0008   -9.6079    2.7739
   12.4717   -8.3954  -41.5525
   24.7182   -8.1769   -2.0671
   64.6909   48.4533  -16.8615
   13.5686    4.7668   20.1002
   -5.2941  -14.3188   -6.9786
   13.0019  -36.5279   -2.1501
   33.0555    1.2962   11.4654
    9.6626  -11.5832   15.1399
   44.0091   18.8538   -4.7419
   16.8901   11.8620   -9.6146
   10.3070   -7.3082  -15.7308
   17.0964    4.0875   17.9343
    4.1881  -12.7138  -23.6821
  -16.1229  -12.3107   -9.4359
    0.2322  -18.2898  -51.3611
   29.0778    3.9130   14.6379
   -1.6182  -34.4783  -35.3346
  -22.1953   16.2754    9.2305
   20.9736   -9.3330    5.5622
    1.4306   -9.9554  -27.4964
   21.0905  -18.8657  -27.1750
    7.5541    6.3061   -9.2765
    9.2732  -39.1663  -31.9938
   35.6695   -9.4933   12.8510
   23.9831  -33.9073  -30.4024
   19.0753   13.9572    7.7607
   15.8854   -5.8341   26.2832
  -24.8448   18.6316  -15.2174
  -25.0913  -44.3377    2.8157
   30.2678    8.3997   17.7717
   19.4008    0.5480   10.8986
    3.9359  -17.7470  -11.8540
   24.9436  -22.7933  -25.8103
  -34.5212  -32.6372   -9.9037
  -29.2072  -29.0149  -17.9126
  -24.9734    8.6276   -1.3888
    2.8143  -29.8433   18.9845
   18.1193    9.0004  -10.6856
   32.8265   20.9774  -16.2562
  -24.8453  -40.0896 -165.5701
    9.4777    5.0243  -13.9549
    2.6664   -8.7909    5.3430
   15.3179    0.8202   14.1747


Punishment =

   -9.6689  -51.8896   -8.6609
   -0.6085    9.5287    0.0671
  -39.9260   -3.0770  -61.4542
  -13.5412  -17.9460  -32.7696
   28.6100   17.2464  -58.3687
   19.9349  -11.2052   -5.6181
  -18.5665  -12.9771  -69.3342
  -42.6208   -4.2720   -2.4311
  -19.2689   17.8573    5.1140
   -7.0327   -9.0399    1.0863
  -39.1634  -13.6314    5.3042
    3.5696  -16.7765  -17.8926
   18.3250   -6.2607   15.1207
    3.9217   -2.2741   16.1168
   37.5938   23.1229   57.6887
  -43.5700  -26.9756    0.7437
   -9.5109  -10.9063  -46.5095
   14.9794  -35.9808  -39.5585
   38.6807   16.9739    5.9261
  -24.1879   10.2944    4.7194
  -25.6266  -15.8581   -8.3571
  -35.5865  -20.7009   -2.5148
    6.7196  -15.6011   -9.2375
  -13.4840  -23.6172  -12.8479
  -43.5157  -80.4719  -35.7535
    3.6737   -4.8683   -0.6823
   35.1577  -29.7608   -6.6316
    3.4220   -8.6619  -26.9688
    2.0890    4.0034    9.6426
  -26.6450  -11.1465  -30.4890
  -10.7647  -28.0771  -19.0957
   -8.0077    1.7455   13.1351
    2.0049  -10.7533    5.2491
   -9.8159  -11.2059   -5.1378
   -2.9223   -0.1445  -11.1845
  -22.6251  -27.9342  -12.6914
  -11.7322  -31.6765  -39.5027
  -40.4066    8.1952  -21.3573
    1.7345  -19.1879    7.6520
  -11.2503    0.1019    1.5827
  -30.1648  -32.1927  -23.3399
  -77.1129  -40.9193    3.7534
    2.8708  -19.3154    0.7816
    3.9549  -18.1279    7.6328
   -1.9883   -2.6072   12.6130


sample =

    45

act_C14_rew_F-S_z1_main_cluster2 R_F, R_S, and R_C difference?

matrix =

   12.3051  -12.4443   -3.7923
   41.0008   -9.6079    2.7739
   12.4717   -8.3954  -41.5525
   24.7182   -8.1769   -2.0671
   64.6909   48.4533  -16.8615
   13.5686    4.7668   20.1002
   -5.2941  -14.3188   -6.9786
   13.0019  -36.5279   -2.1501
   33.0555    1.2962   11.4654
    9.6626  -11.5832   15.1399
   44.0091   18.8538   -4.7419
   16.8901   11.8620   -9.6146
   10.3070   -7.3082  -15.7308
   17.0964    4.0875   17.9343
    4.1881  -12.7138  -23.6821
  -16.1229  -12.3107   -9.4359
    0.2322  -18.2898  -51.3611
   29.0778    3.9130   14.6379
   -1.6182  -34.4783  -35.3346
  -22.1953   16.2754    9.2305
   20.9736   -9.3330    5.5622
    1.4306   -9.9554  -27.4964
   21.0905  -18.8657  -27.1750
    7.5541    6.3061   -9.2765
    9.2732  -39.1663  -31.9938
   35.6695   -9.4933   12.8510
   23.9831  -33.9073  -30.4024
   19.0753   13.9572    7.7607
   15.8854   -5.8341   26.2832
  -24.8448   18.6316  -15.2174
  -25.0913  -44.3377    2.8157
   30.2678    8.3997   17.7717
   19.4008    0.5480   10.8986
    3.9359  -17.7470  -11.8540
   24.9436  -22.7933  -25.8103
  -34.5212  -32.6372   -9.9037
  -29.2072  -29.0149  -17.9126
  -24.9734    8.6276   -1.3888
    2.8143  -29.8433   18.9845
   18.1193    9.0004  -10.6856
   32.8265   20.9774  -16.2562
  -24.8453  -40.0896 -165.5701
    9.4777    5.0243  -13.9549
    2.6664   -8.7909    5.3430
   15.3179    0.8202   14.1747
   -9.6689  -51.8896   -8.6609
   -0.6085    9.5287    0.0671
  -39.9260   -3.0770  -61.4542
  -13.5412  -17.9460  -32.7696
   28.6100   17.2464  -58.3687
   19.9349  -11.2052   -5.6181
  -18.5665  -12.9771  -69.3342
  -42.6208   -4.2720   -2.4311
  -19.2689   17.8573    5.1140
   -7.0327   -9.0399    1.0863
  -39.1634  -13.6314    5.3042
    3.5696  -16.7765  -17.8926
   18.3250   -6.2607   15.1207
    3.9217   -2.2741   16.1168
   37.5938   23.1229   57.6887
  -43.5700  -26.9756    0.7437
   -9.5109  -10.9063  -46.5095
   14.9794  -35.9808  -39.5585
   38.6807   16.9739    5.9261
  -24.1879   10.2944    4.7194
  -25.6266  -15.8581   -8.3571
  -35.5865  -20.7009   -2.5148
    6.7196  -15.6011   -9.2375
  -13.4840  -23.6172  -12.8479
  -43.5157  -80.4719  -35.7535
    3.6737   -4.8683   -0.6823
   35.1577  -29.7608   -6.6316
    3.4220   -8.6619  -26.9688
    2.0890    4.0034    9.6426
  -26.6450  -11.1465  -30.4890
  -10.7647  -28.0771  -19.0957
   -8.0077    1.7455   13.1351
    2.0049  -10.7533    5.2491
   -9.8159  -11.2059   -5.1378
   -2.9223   -0.1445  -11.1845
  -22.6251  -27.9342  -12.6914
  -11.7322  -31.6765  -39.5027
  -40.4066    8.1952  -21.3573
    1.7345  -19.1879    7.6520
  -11.2503    0.1019    1.5827
  -30.1648  -32.1927  -23.3399
  -77.1129  -40.9193    3.7534
    2.8708  -19.3154    0.7816
    3.9549  -18.1279    7.6328
   -1.9883   -2.6072   12.6130


stats = 

  <a href="matlab:helpPopup struct" style="font-weight:bold">struct</a> with fields:

      source: 'anova2'
     sigmasq: 534.4400
    colmeans: [0.4466 -10.0348 -9.5437]
        coln: 90
    rowmeans: [-2.2842 -10.4704]
        rown: 135
       inter: 1
        pval: 0.0178
          df: 264

