
ans = 

  <a href="matlab:helpPopup struct" style="font-weight:bold">struct</a> with fields:

      bars: [1×3 Bar]
    legend: []
    errors: [1×3 ErrorBar]
        ax: [1×1 Axes]


Reward =

   30.7972   -9.5492   -2.3100
   10.9696    0.5900   -7.9361
   30.2231   -8.5438  -27.8295
   26.9310  -10.0538    5.7078
   19.9636   95.2962   42.9141
   18.0825    3.0829   28.4145
   -5.4919   -4.7924    0.0739
    4.0836  -14.3312    3.5944
   28.7490   -0.9759   -1.3838
    5.9262   -2.1180   10.4907
   15.2399    8.9511    1.9260
    4.1874   13.9935  -16.9431
    3.4026  -18.2672   -4.4161
   12.0129   13.9830   -2.6877
    9.1701  -10.4468  -15.5992
   -5.4459   29.3948   -1.8693
   16.6822    1.3310  -36.0679
   13.0592   18.7655   17.4325
   -5.8875   -6.9228  -22.0254
  -14.2021    6.5214   14.3101
   41.8886   -2.6416    2.1065
   -4.0414   -2.8639   -8.9954
   -3.5071  -21.3812  -19.0418
   -9.5928   -4.3442    9.2539
   14.8664  -39.6032   -9.7879
   20.8522   26.7713    7.8481
   29.0449  -20.6640  -20.5734
   27.9287   35.7478   -5.7229
    3.6169   -0.1908    2.1956
  -35.2214   -3.7005  -20.0150
  -37.0277  -44.2673   12.2444
   26.7588    5.8884   13.3419
   25.8172   16.3050   19.5302
   16.7673  -16.2575   -2.5572
   28.2120  -16.9462  -18.1165
  -29.8533  -29.8643   25.2357
   -7.4204   -3.9375  -21.6663
    5.2238   24.8869   19.6580
   12.9474   -6.7200   33.0696
   19.1536   15.3098   -3.3571
   15.3733    8.9123    9.0600
  -21.2247  -15.6205 -171.9010
   -0.4241   -7.8767  -13.6806
   30.9689  -14.8656   -2.8179
   26.8901   21.6845   55.0773


Punishment =

   -8.4190  -32.0490   -5.0687
  -10.2004    8.3066   -3.4184
  -41.1408  -24.6620  -63.1804
  -51.6560  -56.0776  -43.3430
   -5.8455   46.8614   -5.7385
    5.1958    1.9122    8.7613
  -27.9506  -14.7955  -96.4855
  -23.7171   -4.4409   -3.3362
  -16.5197  -18.2685   13.7478
    1.4266   -5.8884    8.4796
  -56.8814    8.6896    3.4465
   -9.8043  -33.9765  -14.5530
   -9.4091    3.2650    9.5985
    8.1272    0.7475   -4.8185
   17.7941   16.8174   43.1613
  -25.0918    1.3300    2.1870
   -5.2246    0.7355  -31.5861
   18.9629  -17.3279  -21.9238
    6.4441    5.7361   -3.7662
  -26.1116   -4.2356    1.8925
  -18.5163  -47.7726  -20.6035
  -26.0251  -19.5941    2.1561
  -19.6335  -19.6580  -16.8129
  -18.4480  -35.5400  -26.1492
  -29.2444  -51.0508  -23.9332
    7.8533   -3.6982   -4.2468
   29.4804  -20.4848  -16.8459
   -1.1500  -11.3406  -22.7570
   -7.7339   -6.3161    1.6182
  -27.8479  -28.7558  -42.9481
  -26.5454  -36.6792  -20.0766
  -14.1589    3.2330    0.0400
  -19.4707   -5.5667    0.8152
  -15.9740  -18.5446   -6.0644
  -11.3496   -6.3535  -18.1161
  -26.9604  -30.1038  -32.9263
  -22.8824  -35.7150  -43.7607
  -21.6075   -0.8899   -5.0105
  -16.1605    5.2309   -1.4421
  -12.0114   -1.7530   -7.4812
  -20.6016  -15.4864   -1.7838
  -58.2063  -47.1944  -11.7212
  -13.7171  -26.6709  -19.1073
   -7.2654  -68.7980  -29.7398
    6.1703   11.3596    8.6401


sample =

    45

seed-VS_thr5 R_F, R_S, and R_C difference?

matrix =

   30.7972   -9.5492   -2.3100
   10.9696    0.5900   -7.9361
   30.2231   -8.5438  -27.8295
   26.9310  -10.0538    5.7078
   19.9636   95.2962   42.9141
   18.0825    3.0829   28.4145
   -5.4919   -4.7924    0.0739
    4.0836  -14.3312    3.5944
   28.7490   -0.9759   -1.3838
    5.9262   -2.1180   10.4907
   15.2399    8.9511    1.9260
    4.1874   13.9935  -16.9431
    3.4026  -18.2672   -4.4161
   12.0129   13.9830   -2.6877
    9.1701  -10.4468  -15.5992
   -5.4459   29.3948   -1.8693
   16.6822    1.3310  -36.0679
   13.0592   18.7655   17.4325
   -5.8875   -6.9228  -22.0254
  -14.2021    6.5214   14.3101
   41.8886   -2.6416    2.1065
   -4.0414   -2.8639   -8.9954
   -3.5071  -21.3812  -19.0418
   -9.5928   -4.3442    9.2539
   14.8664  -39.6032   -9.7879
   20.8522   26.7713    7.8481
   29.0449  -20.6640  -20.5734
   27.9287   35.7478   -5.7229
    3.6169   -0.1908    2.1956
  -35.2214   -3.7005  -20.0150
  -37.0277  -44.2673   12.2444
   26.7588    5.8884   13.3419
   25.8172   16.3050   19.5302
   16.7673  -16.2575   -2.5572
   28.2120  -16.9462  -18.1165
  -29.8533  -29.8643   25.2357
   -7.4204   -3.9375  -21.6663
    5.2238   24.8869   19.6580
   12.9474   -6.7200   33.0696
   19.1536   15.3098   -3.3571
   15.3733    8.9123    9.0600
  -21.2247  -15.6205 -171.9010
   -0.4241   -7.8767  -13.6806
   30.9689  -14.8656   -2.8179
   26.8901   21.6845   55.0773
   -8.4190  -32.0490   -5.0687
  -10.2004    8.3066   -3.4184
  -41.1408  -24.6620  -63.1804
  -51.6560  -56.0776  -43.3430
   -5.8455   46.8614   -5.7385
    5.1958    1.9122    8.7613
  -27.9506  -14.7955  -96.4855
  -23.7171   -4.4409   -3.3362
  -16.5197  -18.2685   13.7478
    1.4266   -5.8884    8.4796
  -56.8814    8.6896    3.4465
   -9.8043  -33.9765  -14.5530
   -9.4091    3.2650    9.5985
    8.1272    0.7475   -4.8185
   17.7941   16.8174   43.1613
  -25.0918    1.3300    2.1870
   -5.2246    0.7355  -31.5861
   18.9629  -17.3279  -21.9238
    6.4441    5.7361   -3.7662
  -26.1116   -4.2356    1.8925
  -18.5163  -47.7726  -20.6035
  -26.0251  -19.5941    2.1561
  -19.6335  -19.6580  -16.8129
  -18.4480  -35.5400  -26.1492
  -29.2444  -51.0508  -23.9332
    7.8533   -3.6982   -4.2468
   29.4804  -20.4848  -16.8459
   -1.1500  -11.3406  -22.7570
   -7.7339   -6.3161    1.6182
  -27.8479  -28.7558  -42.9481
  -26.5454  -36.6792  -20.0766
  -14.1589    3.2330    0.0400
  -19.4707   -5.5667    0.8152
  -15.9740  -18.5446   -6.0644
  -11.3496   -6.3535  -18.1161
  -26.9604  -30.1038  -32.9263
  -22.8824  -35.7150  -43.7607
  -21.6075   -0.8899   -5.0105
  -16.1605    5.2309   -1.4421
  -12.0114   -1.7530   -7.4812
  -20.6016  -15.4864   -1.7838
  -58.2063  -47.1944  -11.7212
  -13.7171  -26.6709  -19.1073
   -7.2654  -68.7980  -29.7398
    6.1703   11.3596    8.6401


stats = 

  <a href="matlab:helpPopup struct" style="font-weight:bold">struct</a> with fields:

      source: 'anova2'
     sigmasq: 525.4043
    colmeans: [-2.6175 -6.9533 -7.6446]
        coln: 90
    rowmeans: [2.2393 -13.7162]
        rown: 135
       inter: 1
        pval: 0.1162
          df: 264

seed-VS_thr5 Reward with Friend > Reward with Stranger?

h =

     1


p =

    0.0177


ci =

    1.6440
   16.4351


stats = 

  <a href="matlab:helpPopup struct" style="font-weight:bold">struct</a> with fields:

    tstat: 2.4634
       df: 44
       sd: 24.6164

