
ans = 

  <a href="matlab:helpPopup struct" style="font-weight:bold">struct</a> with fields:

      bars: [1×3 Bar]
    legend: []
    errors: [1×3 ErrorBar]
        ax: [1×1 Axes]


Reward =

   -0.2125   -0.2046   -0.4100
    0.1305    0.0944    0.0615
   -0.0031    0.0834    0.1085
    0.1182   -0.3967   -0.1732
    0.1263   -0.1363    0.1100
    0.0922   -0.1062   -0.0486
    0.1409   -0.0999   -0.2226
    0.0501    0.1162   -0.0771
    0.1293    0.0680    0.0096
    0.0392    0.0124   -0.1128
   -0.0335   -0.1148   -0.0586
   -0.0099   -0.0392    0.3335
    0.1296    0.0060    0.1080
    0.0196    0.1471    0.2028
    0.1705    0.0266    0.2151
   -0.0195   -0.3079    0.0972
   -0.0365   -0.0365   -0.2796
    0.1656   -0.0033   -0.0412
   -0.0461   -0.0475   -0.0772
    0.0238   -0.1817   -0.1967
    0.0260    0.0941   -0.0075
    0.1501    0.2409    0.1696
   -0.1338    0.0840    0.0026
    0.2262    0.0652    0.1403
   -0.2613   -0.0981   -0.2078
   -0.0278    0.0793   -0.0353
    0.2660   -0.0245    0.0383
    0.0357    0.0587   -0.0309
    0.0361    0.1209    0.1285
    0.3063    0.0150    0.1081
   -0.0542   -0.1281   -0.1988
    0.0355    0.0523   -0.1359
    0.1341    0.0427    0.0590
    0.0702    0.0205   -0.0896
   -0.0221   -0.0137   -0.0246
    0.1359    0.0535   -0.0520
    0.2458    0.0499    0.0393
    0.0496    0.0243    0.0768
    0.1106    0.0666    0.0339
   -0.1791   -0.0887   -0.0648
   -0.0691   -0.0834   -0.0533
    0.0725    0.1861    0.1515
    0.0988    0.2154    0.0342
    0.0365   -0.0708   -0.0361
   -0.0508   -0.1827   -0.1737


Punishment =

   -0.0804   -0.0128   -0.0152
   -0.0625    0.0144    0.1004
   -0.0645   -0.1550   -0.1996
   -0.4819   -0.1007   -0.1206
   -0.0471   -0.1537    0.0132
   -0.0974    0.0169   -0.0512
   -0.0054   -0.0823    0.0461
    0.0118   -0.0270   -0.0309
   -0.1040    0.0900    0.0896
   -0.1778    0.1184    0.0713
    0.0434    0.0170    0.0021
    0.0847   -0.0192    0.0887
    0.0760   -0.0257    0.0790
   -0.0568    0.0082    0.1514
    0.1020   -0.0675    0.0807
   -0.2091   -0.0774    0.0271
   -0.0842   -0.1508    0.1765
    0.2031    0.1769   -0.2196
   -0.0973   -0.0414   -0.0362
   -0.2994   -0.2165   -0.0493
   -0.0051    0.0919    0.0018
    0.0330   -0.1003    0.1695
   -0.1875    0.0295    0.0336
    0.0625   -0.0829   -0.0277
   -0.0926   -0.0933   -0.0452
   -0.0409    0.0966    0.0291
    0.1324   -0.2213   -0.0592
   -0.0614   -0.0263   -0.0849
    0.0694   -0.0577    0.1090
   -0.2806    0.0304   -0.0043
   -0.0124   -0.0256    0.0115
   -0.1537   -0.0989    0.0822
   -0.1532    0.1715    0.1310
   -0.1608   -0.1234   -0.1459
    0.0080   -0.0129    0.1438
    0.0824    0.0525   -0.1179
   -0.1808   -0.0050    0.1855
   -0.0780   -0.1071   -0.0311
   -0.1086    0.0758   -0.0076
   -0.0946    0.0504   -0.3027
   -0.0829   -0.1422   -0.1681
   -0.0423   -0.0321    0.4727
    0.2234    0.1541   -0.0308
    0.1689    0.1088   -0.0525
   -0.0984   -0.2756    0.0971


sample =

    45

resampled_pTPJ-thr50-2mm R_F, R_S, and R_C difference?

matrix =

   -0.2125   -0.2046   -0.4100
    0.1305    0.0944    0.0615
   -0.0031    0.0834    0.1085
    0.1182   -0.3967   -0.1732
    0.1263   -0.1363    0.1100
    0.0922   -0.1062   -0.0486
    0.1409   -0.0999   -0.2226
    0.0501    0.1162   -0.0771
    0.1293    0.0680    0.0096
    0.0392    0.0124   -0.1128
   -0.0335   -0.1148   -0.0586
   -0.0099   -0.0392    0.3335
    0.1296    0.0060    0.1080
    0.0196    0.1471    0.2028
    0.1705    0.0266    0.2151
   -0.0195   -0.3079    0.0972
   -0.0365   -0.0365   -0.2796
    0.1656   -0.0033   -0.0412
   -0.0461   -0.0475   -0.0772
    0.0238   -0.1817   -0.1967
    0.0260    0.0941   -0.0075
    0.1501    0.2409    0.1696
   -0.1338    0.0840    0.0026
    0.2262    0.0652    0.1403
   -0.2613   -0.0981   -0.2078
   -0.0278    0.0793   -0.0353
    0.2660   -0.0245    0.0383
    0.0357    0.0587   -0.0309
    0.0361    0.1209    0.1285
    0.3063    0.0150    0.1081
   -0.0542   -0.1281   -0.1988
    0.0355    0.0523   -0.1359
    0.1341    0.0427    0.0590
    0.0702    0.0205   -0.0896
   -0.0221   -0.0137   -0.0246
    0.1359    0.0535   -0.0520
    0.2458    0.0499    0.0393
    0.0496    0.0243    0.0768
    0.1106    0.0666    0.0339
   -0.1791   -0.0887   -0.0648
   -0.0691   -0.0834   -0.0533
    0.0725    0.1861    0.1515
    0.0988    0.2154    0.0342
    0.0365   -0.0708   -0.0361
   -0.0508   -0.1827   -0.1737
   -0.0804   -0.0128   -0.0152
   -0.0625    0.0144    0.1004
   -0.0645   -0.1550   -0.1996
   -0.4819   -0.1007   -0.1206
   -0.0471   -0.1537    0.0132
   -0.0974    0.0169   -0.0512
   -0.0054   -0.0823    0.0461
    0.0118   -0.0270   -0.0309
   -0.1040    0.0900    0.0896
   -0.1778    0.1184    0.0713
    0.0434    0.0170    0.0021
    0.0847   -0.0192    0.0887
    0.0760   -0.0257    0.0790
   -0.0568    0.0082    0.1514
    0.1020   -0.0675    0.0807
   -0.2091   -0.0774    0.0271
   -0.0842   -0.1508    0.1765
    0.2031    0.1769   -0.2196
   -0.0973   -0.0414   -0.0362
   -0.2994   -0.2165   -0.0493
   -0.0051    0.0919    0.0018
    0.0330   -0.1003    0.1695
   -0.1875    0.0295    0.0336
    0.0625   -0.0829   -0.0277
   -0.0926   -0.0933   -0.0452
   -0.0409    0.0966    0.0291
    0.1324   -0.2213   -0.0592
   -0.0614   -0.0263   -0.0849
    0.0694   -0.0577    0.1090
   -0.2806    0.0304   -0.0043
   -0.0124   -0.0256    0.0115
   -0.1537   -0.0989    0.0822
   -0.1532    0.1715    0.1310
   -0.1608   -0.1234   -0.1459
    0.0080   -0.0129    0.1438
    0.0824    0.0525   -0.1179
   -0.1808   -0.0050    0.1855
   -0.0780   -0.1071   -0.0311
   -0.1086    0.0758   -0.0076
   -0.0946    0.0504   -0.3027
   -0.0829   -0.1422   -0.1681
   -0.0423   -0.0321    0.4727
    0.2234    0.1541   -0.0308
    0.1689    0.1088   -0.0525
   -0.0984   -0.2756    0.0971


stats = 

  <a href="matlab:helpPopup struct" style="font-weight:bold">struct</a> with fields:

      source: 'anova2'
     sigmasq: 0.0160
    colmeans: [-0.0021 -0.0175 1.4103e-04]
        coln: 90
    rowmeans: [0.0096 -0.0225]
        rown: 135
       inter: 1
        pval: 0.0030
          df: 264


p =

    0.0467


tb1 =

  4×6 <a href="matlab:helpPopup cell" style="font-weight:bold">cell</a> array

    {'Source' }    {'SS'    }    {'df' }    {'MS'      }    {'F'       }    {'Prob>F'  }
    {'Columns'}    {[0.1065]}    {[  2]}    {[  0.0532]}    {[  3.1370]}    {[  0.0467]}
    {'Error'  }    {[2.2397]}    {[132]}    {[  0.0170]}    {0×0 double}    {0×0 double}
    {'Total'  }    {[2.3462]}    {[134]}    {0×0 double}    {0×0 double}    {0×0 double}


stats = 

  <a href="matlab:helpPopup struct" style="font-weight:bold">struct</a> with fields:

    gnames: [3×1 char]
         n: [45 45 45]
    source: 'anova1'
     means: [0.0492 -0.0076 -0.0129]
        df: 132
         s: 0.1303

