
ans = 

  <a href="matlab:helpPopup struct" style="font-weight:bold">struct</a> with fields:

      bars: [1×3 Bar]
    legend: []
    errors: [1×3 ErrorBar]
        ax: [1×1 Axes]


Reward =

   -0.1304   -0.1267   -0.3386
   -0.1053    0.0302   -0.0236
    0.1026    0.1160    0.0540
    0.1022   -0.2294   -0.1263
   -0.1681   -0.1608   -0.3785
   -0.0868   -0.0718   -0.1239
    0.0951    0.1282   -0.0278
   -0.1256    0.1966    0.0513
   -0.0060    0.0367   -0.0584
    0.2394    0.0917   -0.0357
   -0.0587   -0.0541   -0.1083
    0.0435    0.0073   -0.0705
   -0.0714   -0.1803   -0.0213
    0.1091    0.0265   -0.0239
    0.1252   -0.1149   -0.0865
    0.1277   -0.6959   -0.2194
   -0.1194   -0.0294   -0.1586
    0.0962   -0.0536   -0.1223
    0.0058    0.0249   -0.0117
    0.4278   -0.3726    0.0166
    0.1292    0.2191   -0.1348
   -0.0595    0.1147   -0.1281
    0.0515    0.0721   -0.1527
    0.4489   -0.0343   -0.5648
   -0.1225   -0.1148   -0.0677
    0.4289   -0.0077    0.1747
    0.2164   -0.0942    0.0241
   -0.0123   -0.0106   -0.0070
   -0.0386    0.0540   -0.2163
    0.3015    0.0747   -0.0414
    0.1562   -0.0063   -0.0686
    0.2668    0.0743    0.1131
   -0.2155    0.2578    0.1311
    0.1181   -0.3224   -0.2765
    0.2217    0.1450    0.0784
   -0.0476   -0.0268    0.0758
    0.1447    0.0780    0.0766
    0.1986    0.0034   -0.0171
    0.2597    0.2358    0.0971
    0.0102    0.0873    0.1880
   -0.0640   -0.1797   -0.1334
   -0.0475    0.1507    0.0370
    0.1114    0.0012   -0.0989
   -0.2805   -0.3130   -1.1200
    0.0498   -0.0386   -0.2467


Punishment =

   -0.1020    0.0455   -0.2174
   -0.0535   -0.1792   -0.0369
    0.0064   -0.1327    0.0158
   -0.3528   -0.1074    0.1814
    0.0089   -0.0133    0.0630
   -0.0994   -0.0061   -0.0626
    0.0330   -0.0856    0.1908
   -0.0123   -0.1900   -0.1156
   -0.2190    0.0084   -0.0429
    0.2736    0.2773    0.1836
   -0.1788    0.0896    0.1082
   -0.0130   -0.1125   -0.0818
    0.0254   -0.1431   -0.2059
    0.0892   -0.1518   -0.1480
    0.0459    0.0710   -0.1211
   -0.0688    0.0955    0.3622
   -0.1361   -0.1180    0.0568
    0.0563    0.0143    0.0471
   -0.0549   -0.0906   -0.0113
   -0.1203   -0.0005   -0.0952
    0.0250    0.1320    0.0577
    0.0229   -0.2014   -0.3694
   -0.3152   -0.0109   -0.1624
   -0.4743    0.0645   -0.1781
   -0.1312    0.1730   -0.0380
    0.1319    0.3440    0.1127
   -0.1580   -0.3256   -0.1054
   -0.0752   -0.1150   -0.0845
    0.0741    0.0896    0.0174
   -0.1292   -0.0313   -0.0376
    0.0669   -0.0204    0.1413
    0.1656   -0.0057   -0.1316
    0.1731   -0.1383    0.1767
   -0.0715    0.0414   -0.2733
    0.1987    0.1795    0.3814
    0.0915   -0.0428   -0.0489
    0.1521    0.3624    0.1339
    0.1672   -0.0028    0.1438
   -0.0262    0.0794    0.0851
   -0.0250   -0.0565    0.0468
   -0.0303   -0.0839    0.0543
   -0.0952   -0.0507    0.4214
    0.0293    0.0746    0.0395
   -0.0618   -0.0996   -0.3388
    0.1592   -0.3330    0.0449


sample =

    45

ppi_C16_rew_F-C_z1_main-effect_cluster1 R_F, R_S, and R_C difference?

matrix =

   -0.1304   -0.1267   -0.3386
   -0.1053    0.0302   -0.0236
    0.1026    0.1160    0.0540
    0.1022   -0.2294   -0.1263
   -0.1681   -0.1608   -0.3785
   -0.0868   -0.0718   -0.1239
    0.0951    0.1282   -0.0278
   -0.1256    0.1966    0.0513
   -0.0060    0.0367   -0.0584
    0.2394    0.0917   -0.0357
   -0.0587   -0.0541   -0.1083
    0.0435    0.0073   -0.0705
   -0.0714   -0.1803   -0.0213
    0.1091    0.0265   -0.0239
    0.1252   -0.1149   -0.0865
    0.1277   -0.6959   -0.2194
   -0.1194   -0.0294   -0.1586
    0.0962   -0.0536   -0.1223
    0.0058    0.0249   -0.0117
    0.4278   -0.3726    0.0166
    0.1292    0.2191   -0.1348
   -0.0595    0.1147   -0.1281
    0.0515    0.0721   -0.1527
    0.4489   -0.0343   -0.5648
   -0.1225   -0.1148   -0.0677
    0.4289   -0.0077    0.1747
    0.2164   -0.0942    0.0241
   -0.0123   -0.0106   -0.0070
   -0.0386    0.0540   -0.2163
    0.3015    0.0747   -0.0414
    0.1562   -0.0063   -0.0686
    0.2668    0.0743    0.1131
   -0.2155    0.2578    0.1311
    0.1181   -0.3224   -0.2765
    0.2217    0.1450    0.0784
   -0.0476   -0.0268    0.0758
    0.1447    0.0780    0.0766
    0.1986    0.0034   -0.0171
    0.2597    0.2358    0.0971
    0.0102    0.0873    0.1880
   -0.0640   -0.1797   -0.1334
   -0.0475    0.1507    0.0370
    0.1114    0.0012   -0.0989
   -0.2805   -0.3130   -1.1200
    0.0498   -0.0386   -0.2467
   -0.1020    0.0455   -0.2174
   -0.0535   -0.1792   -0.0369
    0.0064   -0.1327    0.0158
   -0.3528   -0.1074    0.1814
    0.0089   -0.0133    0.0630
   -0.0994   -0.0061   -0.0626
    0.0330   -0.0856    0.1908
   -0.0123   -0.1900   -0.1156
   -0.2190    0.0084   -0.0429
    0.2736    0.2773    0.1836
   -0.1788    0.0896    0.1082
   -0.0130   -0.1125   -0.0818
    0.0254   -0.1431   -0.2059
    0.0892   -0.1518   -0.1480
    0.0459    0.0710   -0.1211
   -0.0688    0.0955    0.3622
   -0.1361   -0.1180    0.0568
    0.0563    0.0143    0.0471
   -0.0549   -0.0906   -0.0113
   -0.1203   -0.0005   -0.0952
    0.0250    0.1320    0.0577
    0.0229   -0.2014   -0.3694
   -0.3152   -0.0109   -0.1624
   -0.4743    0.0645   -0.1781
   -0.1312    0.1730   -0.0380
    0.1319    0.3440    0.1127
   -0.1580   -0.3256   -0.1054
   -0.0752   -0.1150   -0.0845
    0.0741    0.0896    0.0174
   -0.1292   -0.0313   -0.0376
    0.0669   -0.0204    0.1413
    0.1656   -0.0057   -0.1316
    0.1731   -0.1383    0.1767
   -0.0715    0.0414   -0.2733
    0.1987    0.1795    0.3814
    0.0915   -0.0428   -0.0489
    0.1521    0.3624    0.1339
    0.1672   -0.0028    0.1438
   -0.0262    0.0794    0.0851
   -0.0250   -0.0565    0.0468
   -0.0303   -0.0839    0.0543
   -0.0952   -0.0507    0.4214
    0.0293    0.0746    0.0395
   -0.0618   -0.0996   -0.3388
    0.1592   -0.3330    0.0449


stats = 

  <a href="matlab:helpPopup struct" style="font-weight:bold">struct</a> with fields:

      source: 'anova2'
     sigmasq: 0.0296
    colmeans: [0.0202 -0.0191 -0.0437]
        coln: 90
    rowmeans: [-0.0169 -0.0115]
        rown: 135
       inter: 1
        pval: 0.0025
          df: 264


p =

   7.3379e-04


tb1 =

  4×6 <a href="matlab:helpPopup cell" style="font-weight:bold">cell</a> array

    {'Source' }    {'SS'    }    {'df' }    {'MS'      }    {'F'       }    {'Prob>F'    }
    {'Columns'}    {[0.5342]}    {[  2]}    {[  0.2671]}    {[  7.6267]}    {[7.3379e-04]}
    {'Error'  }    {[4.6227]}    {[132]}    {[  0.0350]}    {0×0 double}    {0×0 double  }
    {'Total'  }    {[5.1569]}    {[134]}    {0×0 double}    {0×0 double}    {0×0 double  }


stats = 

  <a href="matlab:helpPopup struct" style="font-weight:bold">struct</a> with fields:

    gnames: [3×1 char]
         n: [45 45 45]
    source: 'anova1'
     means: [0.0629 -0.0225 -0.0909]
        df: 132
         s: 0.1871

